0.0000000	5.0000000	0.5934896	2.0000000	2.0000000	8.0000000	1.0000000	2.6535025	1.0000000	12.0000000	1.2338003	1.1315562	
0.0000000	5.0000000	0.0000000	0.0000000	0.0000000	8.0000000	1.0000000	0.9631027	1.0000000	12.0000000	0.0000000	0.0000000	
0.0000000	5.0000000	0.0000000	0.0000000	0.0000000	8.0000000	1.0000000	2.5410039	1.0000000	12.0000000	0.0000000	0.0000000	
1.8925291	9.1135930	0.0000000	0.0000000	0.0000000	8.0000000	1.0000000	1.9850593	1.0000000	12.0000000	0.0000000	0.0000000	
0.0000000	5.0000000	3.2501705	2.0000000	2.0000000	8.0000000	1.0000000	0.4007231	1.0000000	12.0000000	0.1348667	4.6030174	
0.0000000	5.0000000	0.0000000	0.0000000	0.0000000	8.0000000	1.0000000	2.3023984	1.0000000	12.0000000	0.0000000	0.0000000	
1.7064305	8.6138965	0.0000000	0.0000000	0.0000000	8.0000000	1.0000000	1.9196741	1.0000000	12.0000000	0.0000000	0.0000000	
0.0000000	5.0000000	0.1952247	2.0000000	4.0000000	8.0000000	1.0000000	2.6113934	1.0000000	12.0000000	0.0006145	8.9528580	
1.8402229	4.5762909	0.0000000	0.0000000	0.0000000	8.0000000	1.0000000	1.5856615	1.0000000	12.0000000	0.0000000	0.0000000	
0.0000000	5.0000000	0.8899965	2.0000000	2.0000000	8.0000000	1.0000000	1.9592113	1.0000000	12.0000000	0.0271587	1.8624550	
Ba	Ca	Zr	O	
1.2057615	1.2057615	1.0743443	-0.7600353	
the Change-Range of Parameters are: 
0.0000000	0.0000000	0.0018814	0.0000000	0.0000000	0.0000000	0.0000000	0.0020322	0.0000000	0.0000000	0.0456732	0.0059460	
0.0000000	0.0000000	0.0000000	0.0000000	0.0000000	0.0000000	0.0000000	0.6598126	0.0000000	0.0000000	0.0000000	0.0000000	
0.0000000	0.0000000	0.0000000	0.0000000	0.0000000	0.0000000	0.0000000	0.0004336	0.0000000	0.0000000	0.0000000	0.0000000	
0.0005081	0.0027782	0.0000000	0.0000000	0.0000000	0.0000000	0.0000000	0.0000174	0.0000000	0.0000000	0.0000000	0.0000000	
0.0000000	0.0000000	0.0000837	0.0000000	0.0000000	0.0000000	0.0000000	0.6584362	0.0000000	0.0000000	0.0014081	0.0064228	
0.0000000	0.0000000	0.0000000	0.0000000	0.0000000	0.0000000	0.0000000	0.0001488	0.0000000	0.0000000	0.0000000	0.0000000	
0.0000446	0.0003520	0.0000000	0.0000000	0.0000000	0.0000000	0.0000000	0.0000124	0.0000000	0.0000000	0.0000000	0.0000000	
0.0000000	0.0000000	0.0005639	0.0000000	0.0000000	0.0000000	0.0000000	0.0020322	0.0000000	0.0000000	0.0000043	0.0791909	
0.0000100	0.0005794	0.0000000	0.0000000	0.0000000	0.0000000	0.0000000	0.0000714	0.0000000	0.0000000	0.0000000	0.0000000	
0.0000000	0.0000000	0.0001305	0.0000000	0.0000000	0.0000000	0.0000000	0.0001448	0.0000000	0.0000000	0.0001608	0.0052142	
asite	bsite	osite	
0.0001652	0.0001270	0.0000000	(the final site parameter change range is zero due to Charge-Neutral)
